00
00
00
00
00
00
00
00
00
00
00
11
00
00
01
00
00
00
17
d4
57
f7
ff
ff
ff
d5
44
00
00
01
40
00
aa
00
1f
f1
5f
ff
ff
ff
ff
ff
f5
55
00
15
d5
d0
00
00
1f
00
7c
1f
5f
df
7d
ff
d5
54
05
55
55
00
00
00
3f
d7
f9
5f
7f
df
f7
df
d5
00
00
00
00
00
00
00
28
01
54
00
00
45
55
45
40
10
00
00
00
00
40
00
aa
80
05
55
55
55
55
55
55
55
55
55
55
55
10
00
2a
a0
01
55
55
55
55
55
55
55
55
55
55
55
84
00
0a
a8
00
55
55
55
55
55
55
55
55
55
55
55
25
00
02
a8
00
15
55
55
55
55
55
55
55
55
55
55
09
00
02
aa
00
15
55
55
55
55
55
55
55
55
55
55
08
40
00
aa
80
05
55
55
55
55
55
55
55
55
55
55
02
50
00
2a
80
01
55
55
55
55
55
55
55
55
55
55
40
10
00
2a
a0
01
55
55
55
55
55
55
55
55
55
55
90
84
00
0a
a0
00
55
55
55
55
55
55
55
55
55
55
10
04
00
0a
a8
00
55
55
55
55
55
55
55
55
55
55
